57064.2524124191	1.000099	0.000058
57064.2728448139	1.000089	0.000058
57064.2932771083	1.000175	0.000058
57064.3137096018	1.000372	0.000058
57064.3341419948	1.000354	0.000058
57064.3545742874	1.000067	0.000058
57064.3954391701	0.996018	0.000058
57064.4567363403	0.984091	0.000057
57064.4771688291	0.997892	0.000058
57064.4976011170	0.999820	0.000058
57064.5180335049	0.999917	0.000058
57064.5384659918	0.999933	0.000058
57064.5588982778	1.000089	0.000058
57064.5793306639	0.999926	0.000058
57067.5215884147	1.000012	0.000058
57067.5420207151	1.000219	0.000058
57067.5624530145	0.999973	0.000058
57067.5828853139	1.000093	0.000058
57067.6033176124	0.999790	0.000058
57067.6441822075	0.998121	0.000058
57067.6646145045	0.984559	0.000058
57067.6850468007	0.982461	0.000058
57067.7054790964	0.981891	0.000058
57067.7259113916	0.991324	0.000058
57067.7463436859	1.000248	0.000058
57067.7667759797	1.000098	0.000058
57067.7872082731	1.000186	0.000058
57067.8076405659	1.000051	0.000058
57067.8280728584	0.999868	0.000058
57067.8485051499	1.000092	0.000058
57070.7703173287	1.000125	0.000058
57070.7907495396	1.000033	0.000058
57070.8111818496	0.999750	0.000058
57070.8316139596	1.000091	0.000058
57070.8520461687	0.999972	0.000058
57070.8724784773	1.000075	0.000058
57070.8929105855	1.000123	0.000058
57070.9133427927	0.991881	0.000058
57070.9337750999	0.982101	0.000058
57070.9542072062	0.981451	0.000057
57070.9746394124	0.984540	0.000058
57070.9950717178	0.998196	0.000058
57071.0155039222	0.999981	0.000058
57071.0359360266	1.000158	0.000058
57071.0563683301	1.000097	0.000058
57071.0972326361	0.999900	0.000058
57074.1007610977	0.998762	0.000058
57074.1211931220	0.998555	0.000058
57074.1416252454	0.998961	0.000058
57074.1620574683	0.997239	0.000058
57074.1824894913	0.983896	0.000058
57074.2029216133	0.980240	0.000058
57074.2233538348	0.981316	0.000058
57074.2437858558	0.991196	0.000058
57074.2642179760	0.999366	0.000058
57074.2846501961	0.999138	0.000058
57074.3050822158	0.999319	0.000058
57074.3255143345	0.999653	0.000058
57074.3459465532	0.999747	0.000058
57077.3085987974	0.999732	0.000058
57077.3494627887	0.999942	0.000058
57077.3698949334	1.000049	0.000058
57077.3903269776	0.999980	0.000058
57077.4107589213	0.999765	0.000058
57077.4516231070	0.982326	0.000058
57077.4720550494	0.981216	0.000058
57077.4924871913	0.985294	0.000058
57077.5129191327	0.998446	0.000058
57077.5333511737	1.000172	0.000058
57077.5537833137	1.000141	0.000058
57077.5946472933	1.000125	0.000058
57077.6150794319	1.000134	0.000058
57080.5572884310	1.000109	0.000058
57080.5777205026	0.999998	0.000058
57080.6594482842	1.000209	0.000058
57080.6798802535	0.999722	0.000058
57080.7003123228	0.990949	0.000058
57080.7207441911	0.983506	0.000058
57080.7411761589	0.981797	0.000058
57080.7616082263	0.992064	0.000058
57080.7820401937	0.999945	0.000058
57080.8024720602	1.000105	0.000058
57080.8229041262	0.999982	0.000058
57080.8433360922	1.000465	0.000058
57080.8637679572	1.000134	0.000058
57080.8842000223	1.000004	0.000058
57083.8468307264	0.999916	0.000059
57083.8672626286	0.999895	0.000059
57083.8876944303	0.999947	0.000059
57083.9081264316	0.999780	0.000059
57083.9285583329	0.999918	0.000059
57083.9489901332	0.991342	0.000058
57083.9694221335	0.981381	0.000058
57083.9898540334	0.981036	0.000058
57084.0102858323	0.984687	0.000058
57084.0715815282	1.000279	0.000058
57084.0920135258	1.000291	0.000058
57084.1124454231	1.000064	0.000058
57084.1328773199	1.000014	0.000058
57087.0954985543	1.000009	0.000058
57087.1159303939	0.999935	0.000058
57087.1363621330	0.999976	0.000058
57087.1567940719	1.000071	0.000058
57087.1772259105	0.999941	0.000058
57087.1976576484	0.997846	0.000058
57087.2180895862	0.984271	0.000058
57087.2589532606	0.982076	0.000058
57087.2793850972	0.991554	0.000058
57087.2998169335	0.999981	0.000058
57087.3202487693	1.000159	0.000058
57087.3406806047	1.000175	0.000058
57087.3611124398	1.000116	0.000058
57087.3815442745	0.999933	0.000058
57087.4019762090	1.000057	0.000058
57090.3237252138	0.999843	0.000058
57090.3441569972	0.999990	0.000058
57090.3645886800	0.999934	0.000058
57090.3850205627	0.999995	0.000058
57090.4054523450	1.000178	0.000058
57090.4258840271	0.999994	0.000058
57090.4463159087	1.000015	0.000058
57090.4667476900	0.991181	0.000058
57090.4871794709	0.981808	0.000058
57090.5484748118	0.998731	0.000058
57090.5689066915	1.000304	0.000058
57090.5893383707	1.000333	0.000058
57090.6097701495	1.000212	0.000058
57090.6302020283	1.000128	0.000058
57093.5928068215	0.999507	0.000059
57093.6132386540	0.999624	0.000059
57093.6541021182	0.999519	0.000059
57093.6745338498	0.999295	0.000059
57093.7153973121	0.996836	0.000058
57093.7358290430	0.983110	0.000058
57093.7562607733	0.980389	0.000058
57093.7971242334	0.990454	0.000058
57093.8175559628	0.998730	0.000059
57093.8992827782	0.999711	0.000058
57096.8414493168	1.000140	0.000058
57096.8618809053	1.000184	0.000058
57096.8823126933	1.000174	0.000058
57096.9027443810	1.000202	0.000058
57096.9231760686	1.000019	0.000058
57096.9436077558	1.000160	0.000058
57096.9640394429	1.000267	0.000058
57096.9844711297	0.991095	0.000058
57097.0049029163	0.982486	0.000058
57097.0253345025	0.981537	0.000058
57097.0661979743	0.997919	0.000058
57097.0866295599	0.999748	0.000058
57097.1070612451	0.999681	0.000058
57097.1479246148	0.999821	0.000058
57097.1683562993	0.999651	0.000058
57100.1105168410	1.000048	0.000058
57100.1309484913	1.000076	0.000058
57100.1513802413	1.000259	0.000058
57100.1718117914	1.000142	0.000058
57100.1922434409	1.000159	0.000058
57100.2126750905	1.000009	0.000058
57100.2331067396	0.998034	0.000058
57100.2535384887	0.984989	0.000058
57100.2739701374	0.981125	0.000058
57100.2944016860	0.982122	0.000058
57100.3148334344	0.991722	0.000058
57100.3352650826	1.000038	0.000059
57100.3556966306	0.999983	0.000059
57100.3761283783	1.000024	0.000059
57100.3965600258	1.000021	0.000059
57100.4169915730	0.999943	0.000059
57103.3795790019	1.000071	0.000058
57103.4204421396	0.999972	0.000058
57103.4408738580	1.000119	0.000058
57103.4613053764	1.000270	0.000058
57103.4817369945	1.000280	0.000058
57103.5021687124	0.991356	0.000058
57103.5226002303	0.982294	0.000058
57103.5430318478	0.981258	0.000058
57103.5634635652	0.984680	0.000058
57103.5838951827	0.998333	0.000058
57103.6043266997	1.000069	0.000058
57103.6247584166	1.000133	0.000058
57103.6451900334	1.000070	0.000058
57103.6656216499	0.999939	0.000058
57103.6860532664	1.000038	0.000058
57106.6282048564	1.000071	0.000058
57106.6486364505	0.999804	0.000058
57106.6690681444	0.999735	0.000058
57106.6894996382	0.999937	0.000058
57106.7099312319	0.999930	0.000058
57106.7303629255	1.000011	0.000058
57106.7507944190	0.998002	0.000058
57106.7712261122	0.984078	0.000058
57106.7916577053	0.980580	0.000058
57106.8120891984	0.982023	0.000058
57106.8325208913	0.991983	0.000058
57106.8733839766	0.999842	0.000058
57106.8938156692	0.999847	0.000058
57106.9142472615	0.999803	0.000058
57106.9346787538	0.999868	0.000058
57106.9551104458	0.999979	0.000058
57109.9789854692	0.999710	0.000059
57110.0607116703	0.981080	0.000058
57110.0811433452	0.984782	0.000058
57113.1663108709	1.000088	0.000058
57113.1867425351	1.000040	0.000058
57113.2071740991	1.000125	0.000058
57113.2480372269	1.000219	0.000058
57113.3910581728	0.999805	0.000059
57113.4114897363	0.999764	0.000059
57113.4319212997	0.999617	0.000059
57116.4557930827	0.999941	0.000059
57116.7009717889	1.000170	0.000059
57116.7214032476	1.000147	0.000059
57119.6635485523	0.999752	0.000059
57119.6839801126	1.000040	0.000059
57119.8065695746	0.984253	0.000058
57119.8678642560	0.992116	0.000058
57119.8882958165	1.000074	0.000059
57119.9087272771	1.000178	0.000059
57119.9291589376	1.000007	0.000059
57119.9495904983	1.000019	0.000059
57119.9700221589	1.000155	0.000059
57119.9904536196	0.999772	0.000059
57123.0551890279	0.994911	0.000059
57123.0756204963	0.985547	0.000058
57123.0960521648	0.985447	0.000058
57123.1164837333	0.989213	0.000059
57126.2833786583	0.999078	0.000059
57126.3038102408	0.997363	0.000059
57126.3242418234	0.984376	0.000059
57126.5081261716	1.000176	0.000059
57129.4911394916	1.000453	0.000059
57129.5728660025	0.992059	0.000059
57129.5932976056	0.981290	0.000058
57129.6137291088	0.981153	0.000058
